NAME	= Time Out [min]
DESCRIPTION	= 
UNIT	= 
DATAFORMAT	= FLOAT
DATAFILE_OFFSET	= 0
BYTEORDER_BIG	= FALSE
TOPTOBOTTOM	= FALSE
POSITION_XMIN	= 12.6969581198
POSITION_YMIN	= 47.3244724993
CELLCOUNT_X	= 521
CELLCOUNT_Y	= 466
CELLSIZE	= 0.0000899881
Z_FACTOR	= 1.000000
Z_OFFSET	= 0.000000
NODATA_VALUE	= 0.000000;0.000000
